(kicad_pcb (version 20171130) (host pcbnew 5.0.2-bee76a0~70~ubuntu18.04.1)

  (general
    (thickness 1.6)
    (drawings 9)
    (tracks 958)
    (zones 0)
    (modules 62)
    (nets 89)
  )

  (page A4)
  (layers
    (0 F.Cu signal)
    (31 B.Cu signal)
    (32 B.Adhes user)
    (33 F.Adhes user)
    (34 B.Paste user)
    (35 F.Paste user)
    (36 B.SilkS user)
    (37 F.SilkS user)
    (38 B.Mask user)
    (39 F.Mask user)
    (40 Dwgs.User user)
    (41 Cmts.User user)
    (42 Eco1.User user)
    (43 Eco2.User user)
    (44 Edge.Cuts user)
    (45 Margin user)
    (46 B.CrtYd user)
    (47 F.CrtYd user)
    (48 B.Fab user hide)
    (49 F.Fab user)
  )

  (setup
    (last_trace_width 0.25)
    (trace_clearance 0.2)
    (zone_clearance 0.508)
    (zone_45_only no)
    (trace_min 0.2)
    (segment_width 0.2)
    (edge_width 0.15)
    (via_size 0.8)
    (via_drill 0.4)
    (via_min_size 0.4)
    (via_min_drill 0.3)
    (uvia_size 0.3)
    (uvia_drill 0.1)
    (uvias_allowed yes)
    (uvia_min_size 0.2)
    (uvia_min_drill 0.1)
    (pcb_text_width 0.3)
    (pcb_text_size 1.5 1.5)
    (mod_edge_width 0.15)
    (mod_text_size 1 1)
    (mod_text_width 0.15)
    (pad_size 6 5)
    (pad_drill 4)
    (pad_to_mask_clearance 0.051)
    (solder_mask_min_width 0.25)
    (aux_axis_origin 0 0)
    (visible_elements FFFFFF7F)
    (pcbplotparams
      (layerselection 0x010fc_ffffffff)
      (usegerberextensions false)
      (usegerberattributes false)
      (usegerberadvancedattributes false)
      (creategerberjobfile false)
      (excludeedgelayer true)
      (linewidth 0.100000)
      (plotframeref false)
      (viasonmask false)
      (mode 1)
      (useauxorigin false)
      (hpglpennumber 1)
      (hpglpenspeed 20)
      (hpglpendiameter 15.000000)
      (psnegative false)
      (psa4output false)
      (plotreference true)
      (plotvalue false)
      (plotinvisibletext false)
      (padsonsilk false)
      (subtractmaskfromsilk false)
      (outputformat 5)
      (mirror false)
      (drillshape 0)
      (scaleselection 1)
      (outputdirectory "./"))
  )

  (net 0 "")
  (net 1 "Net-(BT1-Pad1)")
  (net 2 GND)
  (net 3 "Net-(C1-Pad1)")
  (net 4 "Net-(C2-Pad1)")
  (net 5 "Net-(C3-Pad1)")
  (net 6 "Net-(C4-Pad1)")
  (net 7 "Net-(C6-Pad1)")
  (net 8 "Net-(C7-Pad1)")
  (net 9 "Net-(C8-Pad1)")
  (net 10 "Net-(C9-Pad1)")
  (net 11 "Net-(C10-Pad1)")
  (net 12 "Net-(C10-Pad2)")
  (net 13 "Net-(C13-Pad1)")
  (net 14 "Net-(D4-Pad1)")
  (net 15 "Net-(D4-Pad2)")
  (net 16 "Net-(D6-Pad2)")
  (net 17 "Net-(D7-Pad2)")
  (net 18 "Net-(J1-PadS1)")
  (net 19 "Net-(J1-PadA5)")
  (net 20 "Net-(J1-PadA8)")
  (net 21 "Net-(J1-PadB5)")
  (net 22 "Net-(J1-PadB8)")
  (net 23 "Net-(Q1-Pad1)")
  (net 24 "Net-(Q1-Pad2)")
  (net 25 "Net-(Q2-Pad3)")
  (net 26 "Net-(Q2-Pad1)")
  (net 27 "Net-(Q3-Pad1)")
  (net 28 "Net-(Q3-Pad3)")
  (net 29 "Net-(Q4-Pad3)")
  (net 30 "Net-(Q4-Pad1)")
  (net 31 "Net-(Q5-Pad1)")
  (net 32 "Net-(Q5-Pad3)")
  (net 33 "Net-(Q5-Pad5)")
  (net 34 "Net-(Q5-Pad2)")
  (net 35 "Net-(Q5-Pad4)")
  (net 36 "Net-(Q5-Pad6)")
  (net 37 "Net-(R1-Pad2)")
  (net 38 "Net-(R2-Pad2)")
  (net 39 "Net-(R4-Pad2)")
  (net 40 "Net-(R6-Pad2)")
  (net 41 "Net-(R7-Pad2)")
  (net 42 "Net-(R11-Pad1)")
  (net 43 "Net-(R17-Pad2)")
  (net 44 "Net-(R18-Pad2)")
  (net 45 "Net-(U1-Pad2)")
  (net 46 "Net-(U1-Pad4)")
  (net 47 "Net-(U1-Pad5)")
  (net 48 "Net-(U1-Pad7)")
  (net 49 "Net-(U1-Pad9)")
  (net 50 "Net-(U1-Pad10)")
  (net 51 "Net-(U1-Pad12)")
  (net 52 "Net-(U1-Pad13)")
  (net 53 "Net-(U1-Pad14)")
  (net 54 "Net-(U1-Pad21)")
  (net 55 "Net-(U1-Pad22)")
  (net 56 "Net-(U2-Pad1)")
  (net 57 "Net-(U2-Pad6)")
  (net 58 "Net-(U2-Pad7)")
  (net 59 "Net-(U2-Pad19)")
  (net 60 "Net-(U3-Pad3)")
  (net 61 "Net-(U4-Pad9)")
  (net 62 "Net-(U4-Pad10)")
  (net 63 "Net-(U5-Pad1)")
  (net 64 "Net-(U5-Pad2)")
  (net 65 "Net-(U5-Pad10)")
  (net 66 "Net-(U5-Pad11)")
  (net 67 "Net-(U5-Pad12)")
  (net 68 "Net-(U5-Pad16)")
  (net 69 "Net-(U5-Pad17)")
  (net 70 "Net-(U5-Pad20)")
  (net 71 "Net-(U5-Pad21)")
  (net 72 "Net-(U5-Pad22)")
  (net 73 "Net-(U5-Pad23)")
  (net 74 "Net-(U5-Pad27)")
  (net 75 "Net-(U4-Pad1)")
  (net 76 "Net-(U4-Pad6)")
  (net 77 "Net-(U4-Pad7)")
  (net 78 "Net-(U4-Pad8)")
  (net 79 "Net-(3V3-Pad1)")
  (net 80 "Net-(CHG1-Pad1)")
  (net 81 "Net-(CHG1-Pad2)")
  (net 82 /USB_P)
  (net 83 /USB_N)
  (net 84 "Net-(GP1-Pad1)")
  (net 85 "Net-(GP2-Pad1)")
  (net 86 "Net-(R17-Pad1)")
  (net 87 "Net-(R18-Pad1)")
  (net 88 "Net-(U5-Pad6)")

  (net_class Default "This is the default net class."
    (clearance 0.2)
    (trace_width 0.25)
    (via_dia 0.8)
    (via_drill 0.4)
    (uvia_dia 0.3)
    (uvia_drill 0.1)
    (add_net /USB_N)
    (add_net /USB_P)
    (add_net GND)
    (add_net "Net-(3V3-Pad1)")
    (add_net "Net-(BT1-Pad1)")
    (add_net "Net-(C1-Pad1)")
    (add_net "Net-(C10-Pad1)")
    (add_net "Net-(C10-Pad2)")
    (add_net "Net-(C13-Pad1)")
    (add_net "Net-(C2-Pad1)")
    (add_net "Net-(C3-Pad1)")
    (add_net "Net-(C4-Pad1)")
    (add_net "Net-(C6-Pad1)")
    (add_net "Net-(C7-Pad1)")
    (add_net "Net-(C8-Pad1)")
    (add_net "Net-(C9-Pad1)")
    (add_net "Net-(CHG1-Pad1)")
    (add_net "Net-(CHG1-Pad2)")
    (add_net "Net-(D4-Pad1)")
    (add_net "Net-(D4-Pad2)")
    (add_net "Net-(D6-Pad2)")
    (add_net "Net-(D7-Pad2)")
    (add_net "Net-(GP1-Pad1)")
    (add_net "Net-(GP2-Pad1)")
    (add_net "Net-(J1-PadA5)")
    (add_net "Net-(J1-PadA8)")
    (add_net "Net-(J1-PadB5)")
    (add_net "Net-(J1-PadB8)")
    (add_net "Net-(J1-PadS1)")
    (add_net "Net-(Q1-Pad1)")
    (add_net "Net-(Q1-Pad2)")
    (add_net "Net-(Q2-Pad1)")
    (add_net "Net-(Q2-Pad3)")
    (add_net "Net-(Q3-Pad1)")
    (add_net "Net-(Q3-Pad3)")
    (add_net "Net-(Q4-Pad1)")
    (add_net "Net-(Q4-Pad3)")
    (add_net "Net-(Q5-Pad1)")
    (add_net "Net-(Q5-Pad2)")
    (add_net "Net-(Q5-Pad3)")
    (add_net "Net-(Q5-Pad4)")
    (add_net "Net-(Q5-Pad5)")
    (add_net "Net-(Q5-Pad6)")
    (add_net "Net-(R1-Pad2)")
    (add_net "Net-(R11-Pad1)")
    (add_net "Net-(R17-Pad1)")
    (add_net "Net-(R17-Pad2)")
    (add_net "Net-(R18-Pad1)")
    (add_net "Net-(R18-Pad2)")
    (add_net "Net-(R2-Pad2)")
    (add_net "Net-(R4-Pad2)")
    (add_net "Net-(R6-Pad2)")
    (add_net "Net-(R7-Pad2)")
    (add_net "Net-(U1-Pad10)")
    (add_net "Net-(U1-Pad12)")
    (add_net "Net-(U1-Pad13)")
    (add_net "Net-(U1-Pad14)")
    (add_net "Net-(U1-Pad2)")
    (add_net "Net-(U1-Pad21)")
    (add_net "Net-(U1-Pad22)")
    (add_net "Net-(U1-Pad4)")
    (add_net "Net-(U1-Pad5)")
    (add_net "Net-(U1-Pad7)")
    (add_net "Net-(U1-Pad9)")
    (add_net "Net-(U2-Pad1)")
    (add_net "Net-(U2-Pad19)")
    (add_net "Net-(U2-Pad6)")
    (add_net "Net-(U2-Pad7)")
    (add_net "Net-(U3-Pad3)")
    (add_net "Net-(U4-Pad1)")
    (add_net "Net-(U4-Pad10)")
    (add_net "Net-(U4-Pad6)")
    (add_net "Net-(U4-Pad7)")
    (add_net "Net-(U4-Pad8)")
    (add_net "Net-(U4-Pad9)")
    (add_net "Net-(U5-Pad1)")
    (add_net "Net-(U5-Pad10)")
    (add_net "Net-(U5-Pad11)")
    (add_net "Net-(U5-Pad12)")
    (add_net "Net-(U5-Pad16)")
    (add_net "Net-(U5-Pad17)")
    (add_net "Net-(U5-Pad2)")
    (add_net "Net-(U5-Pad20)")
    (add_net "Net-(U5-Pad21)")
    (add_net "Net-(U5-Pad22)")
    (add_net "Net-(U5-Pad23)")
    (add_net "Net-(U5-Pad27)")
    (add_net "Net-(U5-Pad6)")
  )

  (module controls:Banana_THT (layer F.Cu) (tedit 5C41A42B) (tstamp 5C5ADE1C)
    (at 95.25 76.2)
    (descr "Through hole straight pin header, 1x01, 1.00mm pitch, single row")
    (tags "Through hole pin header THT 1x01 1.00mm single row")
    (path /5C43DD01)
    (fp_text reference GND (at -4.826 0) (layer F.SilkS)
      (effects (font (size 1 1) (thickness 0.15)))
    )
    (fp_text value Conn_01x01_Female (at 0 1.56) (layer F.Fab) hide
      (effects (font (size 1 1) (thickness 0.15)))
    )
    (pad 1 thru_hole rect (at 0 0) (size 6 5) (drill 4) (layers *.Cu *.Mask)
      (net 2 GND))
    (model ${KISYS3DMOD}/Connector_PinHeader_1.00mm.3dshapes/PinHeader_1x01_P1.00mm_Vertical.wrl
      (at (xyz 0 0 0))
      (scale (xyz 1 1 1))
      (rotate (xyz 0 0 0))
    )
  )

  (module controls:Banana_THT (layer F.Cu) (tedit 5C419FD6) (tstamp 5C4E3DC9)
    (at 95.25 87.376)
    (descr "Through hole straight pin header, 1x01, 1.00mm pitch, single row")
    (tags "Through hole pin header THT 1x01 1.00mm single row")
    (path /5C43DDF4)
    (fp_text reference GP1 (at -4.826 0) (layer F.SilkS)
      (effects (font (size 1 1) (thickness 0.15)))
    )
    (fp_text value Conn_01x01_Female (at 0 1.56) (layer F.Fab) hide
      (effects (font (size 1 1) (thickness 0.15)))
    )
    (pad 1 thru_hole rect (at 0 0) (size 6 5) (drill 4) (layers *.Cu *.Mask)
      (net 84 "Net-(GP1-Pad1)"))
    (model ${KISYS3DMOD}/Connector_PinHeader_1.00mm.3dshapes/PinHeader_1x01_P1.00mm_Vertical.wrl
      (at (xyz 0 0 0))
      (scale (xyz 1 1 1))
      (rotate (xyz 0 0 0))
    )
  )

  (module controls:Banana_THT (layer F.Cu) (tedit 5C419FD6) (tstamp 5C4E3DDF)
    (at 95.25 92.964)
    (descr "Through hole straight pin header, 1x01, 1.00mm pitch, single row")
    (tags "Through hole pin header THT 1x01 1.00mm single row")
    (path /5C43DECA)
    (fp_text reference GP2 (at -5.08 0) (layer F.SilkS)
      (effects (font (size 1 1) (thickness 0.15)))
    )
    (fp_text value Conn_01x01_Female (at 0 1.56) (layer F.Fab) hide
      (effects (font (size 1 1) (thickness 0.15)))
    )
    (pad 1 thru_hole rect (at 0 0) (size 6 5) (drill 4) (layers *.Cu *.Mask)
      (net 85 "Net-(GP2-Pad1)"))
    (model ${KISYS3DMOD}/Connector_PinHeader_1.00mm.3dshapes/PinHeader_1x01_P1.00mm_Vertical.wrl
      (at (xyz 0 0 0))
      (scale (xyz 1 1 1))
      (rotate (xyz 0 0 0))
    )
  )

  (module controls:Banana_THT (layer F.Cu) (tedit 5C41A477) (tstamp 5C5AE3B9)
    (at 95.25 104.14)
    (descr "Through hole straight pin header, 1x01, 1.00mm pitch, single row")
    (tags "Through hole pin header THT 1x01 1.00mm single row")
    (path /5C43DFA3)
    (fp_text reference SCL (at -4.826 0) (layer F.SilkS)
      (effects (font (size 1 1) (thickness 0.15)))
    )
    (fp_text value Conn_01x01_Female (at 0 1.56) (layer F.Fab) hide
      (effects (font (size 1 1) (thickness 0.15)))
    )
    (pad 1 thru_hole rect (at 0 0) (size 6 5) (drill 4) (layers *.Cu *.Mask)
      (net 37 "Net-(R1-Pad2)"))
    (model ${KISYS3DMOD}/Connector_PinHeader_1.00mm.3dshapes/PinHeader_1x01_P1.00mm_Vertical.wrl
      (at (xyz 0 0 0))
      (scale (xyz 1 1 1))
      (rotate (xyz 0 0 0))
    )
  )

  (module controls:Banana_THT (layer F.Cu) (tedit 5C41A8F7) (tstamp 5C5ADEDC)
    (at 95.25 98.552)
    (descr "Through hole straight pin header, 1x01, 1.00mm pitch, single row")
    (tags "Through hole pin header THT 1x01 1.00mm single row")
    (path /5C43E083)
    (fp_text reference SDA (at -4.826 0) (layer F.SilkS)
      (effects (font (size 1 1) (thickness 0.15)))
    )
    (fp_text value Conn_01x01_Female (at 0 1.56) (layer F.Fab) hide
      (effects (font (size 1 1) (thickness 0.15)))
    )
    (pad 1 thru_hole rect (at 0 0) (size 6 5) (drill 4) (layers *.Cu *.Mask)
      (net 38 "Net-(R2-Pad2)"))
    (model ${KISYS3DMOD}/Connector_PinHeader_1.00mm.3dshapes/PinHeader_1x01_P1.00mm_Vertical.wrl
      (at (xyz 0 0 0))
      (scale (xyz 1 1 1))
      (rotate (xyz 0 0 0))
    )
  )

  (module LED_SMD:LED_0603_1608Metric_Castellated (layer F.Cu) (tedit 5C40E5A8) (tstamp 5C5AE856)
    (at 46.99 109.22 90)
    (descr "LED SMD 0603 (1608 Metric), castellated end terminal, IPC_7351 nominal, (Body size source: http://www.tortai-tech.com/upload/download/2011102023233369053.pdf), generated with kicad-footprint-generator")
    (tags "LED castellated")
    (path /5D3C9BA1)
    (attr smd)
    (fp_text reference D7 (at 2.667 0 90) (layer F.SilkS)
      (effects (font (size 1 1) (thickness 0.15)))
    )
    (fp_text value LED (at 0 1.38 90) (layer F.Fab) hide
      (effects (font (size 1 1) (thickness 0.15)))
    )
    (fp_line (start 0.8 -0.4) (end -0.5 -0.4) (layer F.Fab) (width 0.1))
    (fp_line (start -0.5 -0.4) (end -0.8 -0.1) (layer F.Fab) (width 0.1))
    (fp_line (start -0.8 -0.1) (end -0.8 0.4) (layer F.Fab) (width 0.1))
    (fp_line (start -0.8 0.4) (end 0.8 0.4) (layer F.Fab) (width 0.1))
    (fp_line (start 0.8 0.4) (end 0.8 -0.4) (layer F.Fab) (width 0.1))
    (fp_line (start 0.8 -0.685) (end -1.685 -0.685) (layer F.SilkS) (width 0.12))
    (fp_line (start -1.685 -0.685) (end -1.685 0.685) (layer F.SilkS) (width 0.12))
    (fp_line (start -1.685 0.685) (end 0.8 0.685) (layer F.SilkS) (width 0.12))
    (fp_line (start -1.68 0.68) (end -1.68 -0.68) (layer F.CrtYd) (width 0.05))
    (fp_line (start -1.68 -0.68) (end 1.68 -0.68) (layer F.CrtYd) (width 0.05))
    (fp_line (start 1.68 -0.68) (end 1.68 0.68) (layer F.CrtYd) (width 0.05))
    (fp_line (start 1.68 0.68) (end -1.68 0.68) (layer F.CrtYd) (width 0.05))
    (fp_text user %R (at 0 0 90) (layer F.Fab)
      (effects (font (size 0.4 0.4) (thickness 0.06)))
    )
    (pad 1 smd roundrect (at -0.8125 0 90) (size 1.225 0.85) (layers F.Cu F.Paste F.Mask) (roundrect_rratio 0.25)
      (net 2 GND))
    (pad 2 smd roundrect (at 0.8125 0 90) (size 1.225 0.85) (layers F.Cu F.Paste F.Mask) (roundrect_rratio 0.25)
      (net 17 "Net-(D7-Pad2)"))
    (model ${KISYS3DMOD}/LED_SMD.3dshapes/LED_0603_1608Metric_Castellated.wrl
      (at (xyz 0 0 0))
      (scale (xyz 1 1 1))
      (rotate (xyz 0 0 0))
    )
  )

  (module LED_SMD:LED_0603_1608Metric_Castellated (layer F.Cu) (tedit 5C40DC03) (tstamp 5C5AE2D4)
    (at 45.339 109.22 90)
    (descr "LED SMD 0603 (1608 Metric), castellated end terminal, IPC_7351 nominal, (Body size source: http://www.tortai-tech.com/upload/download/2011102023233369053.pdf), generated with kicad-footprint-generator")
    (tags "LED castellated")
    (path /5CB2B8EB)
    (attr smd)
    (fp_text reference D4 (at 3.2515 0 90) (layer F.SilkS)
      (effects (font (size 1 1) (thickness 0.15)))
    )
    (fp_text value LED (at 0 1.38 90) (layer F.Fab) hide
      (effects (font (size 1 1) (thickness 0.15)))
    )
    (fp_line (start 0.8 -0.4) (end -0.5 -0.4) (layer F.Fab) (width 0.1))
    (fp_line (start -0.5 -0.4) (end -0.8 -0.1) (layer F.Fab) (width 0.1))
    (fp_line (start -0.8 -0.1) (end -0.8 0.4) (layer F.Fab) (width 0.1))
    (fp_line (start -0.8 0.4) (end 0.8 0.4) (layer F.Fab) (width 0.1))
    (fp_line (start 0.8 0.4) (end 0.8 -0.4) (layer F.Fab) (width 0.1))
    (fp_line (start 0.8 -0.685) (end -1.685 -0.685) (layer F.SilkS) (width 0.12))
    (fp_line (start -1.685 -0.685) (end -1.685 0.685) (layer F.SilkS) (width 0.12))
    (fp_line (start -1.685 0.685) (end 0.8 0.685) (layer F.SilkS) (width 0.12))
    (fp_line (start -1.68 0.68) (end -1.68 -0.68) (layer F.CrtYd) (width 0.05))
    (fp_line (start -1.68 -0.68) (end 1.68 -0.68) (layer F.CrtYd) (width 0.05))
    (fp_line (start 1.68 -0.68) (end 1.68 0.68) (layer F.CrtYd) (width 0.05))
    (fp_line (start 1.68 0.68) (end -1.68 0.68) (layer F.CrtYd) (width 0.05))
    (fp_text user %R (at 0 0 90) (layer F.Fab)
      (effects (font (size 0.4 0.4) (thickness 0.06)))
    )
    (pad 1 smd roundrect (at -0.8125 0 90) (size 1.225 0.85) (layers F.Cu F.Paste F.Mask) (roundrect_rratio 0.25)
      (net 14 "Net-(D4-Pad1)"))
    (pad 2 smd roundrect (at 0.8125 0 90) (size 1.225 0.85) (layers F.Cu F.Paste F.Mask) (roundrect_rratio 0.25)
      (net 15 "Net-(D4-Pad2)"))
    (model ${KISYS3DMOD}/LED_SMD.3dshapes/LED_0603_1608Metric_Castellated.wrl
      (at (xyz 0 0 0))
      (scale (xyz 1 1 1))
      (rotate (xyz 0 0 0))
    )
  )

  (module Resistor_SMD:R_0402_1005Metric (layer B.Cu) (tedit 5C40D9A3) (tstamp 5C5AE408)
    (at 38.1 104.267 270)
    (descr "Resistor SMD 0402 (1005 Metric), square (rectangular) end terminal, IPC_7351 nominal, (Body size source: http://www.tortai-tech.com/upload/download/2011102023233369053.pdf), generated with kicad-footprint-generator")
    (tags resistor)
    (path /5D16153E)
    (attr smd)
    (fp_text reference R16 (at 2.286 0 270) (layer B.SilkS)
      (effects (font (size 1 1) (thickness 0.15)) (justify mirror))
    )
    (fp_text value 12K (at 0 -1.17 270) (layer B.Fab) hide
      (effects (font (size 1 1) (thickness 0.15)) (justify mirror))
    )
    (fp_text user %R (at 0 0 270) (layer B.Fab)
      (effects (font (size 0.25 0.25) (thickness 0.04)) (justify mirror))
    )
    (fp_line (start 0.93 -0.47) (end -0.93 -0.47) (layer B.CrtYd) (width 0.05))
    (fp_line (start 0.93 0.47) (end 0.93 -0.47) (layer B.CrtYd) (width 0.05))
    (fp_line (start -0.93 0.47) (end 0.93 0.47) (layer B.CrtYd) (width 0.05))
    (fp_line (start -0.93 -0.47) (end -0.93 0.47) (layer B.CrtYd) (width 0.05))
    (fp_line (start 0.5 -0.25) (end -0.5 -0.25) (layer B.Fab) (width 0.1))
    (fp_line (start 0.5 0.25) (end 0.5 -0.25) (layer B.Fab) (width 0.1))
    (fp_line (start -0.5 0.25) (end 0.5 0.25) (layer B.Fab) (width 0.1))
    (fp_line (start -0.5 -0.25) (end -0.5 0.25) (layer B.Fab) (width 0.1))
    (pad 2 smd roundrect (at 0.485 0 270) (size 0.59 0.64) (layers B.Cu B.Paste B.Mask) (roundrect_rratio 0.25)
      (net 31 "Net-(Q5-Pad1)"))
    (pad 1 smd roundrect (at -0.485 0 270) (size 0.59 0.64) (layers B.Cu B.Paste B.Mask) (roundrect_rratio 0.25)
      (net 33 "Net-(Q5-Pad5)"))
    (model ${KISYS3DMOD}/Resistor_SMD.3dshapes/R_0402_1005Metric.wrl
      (at (xyz 0 0 0))
      (scale (xyz 1 1 1))
      (rotate (xyz 0 0 0))
    )
  )

  (module Connector_USB:USB_C_Receptacle_Amphenol_12401548E4-2A (layer F.Cu) (tedit 5C417598) (tstamp 5C5AE0AA)
    (at 29.845 112.395 270)
    (descr "USB TYPE C, RA RCPT PCB, Hybrid, https://www.amphenolcanada.com/StockAvailabilityPrice.aspx?From=&PartNum=12401548E4%7e2A")
    (tags "USB C Type-C Receptacle Hybrid")
    (path /5C9B6E3B)
    (attr smd)
    (fp_text reference J1 (at 0 -6.985 270) (layer F.SilkS)
      (effects (font (size 1 1) (thickness 0.15)))
    )
    (fp_text value USB_C_Receptacle_USB2.0 (at 0 6.14 270) (layer F.Fab) hide
      (effects (font (size 1 1) (thickness 0.15)))
    )
    (fp_text user %R (at 0 0 270) (layer F.Fab)
      (effects (font (size 1 1) (thickness 0.1)))
    )
    (fp_line (start -5.39 5.73) (end -5.39 -5.87) (layer F.CrtYd) (width 0.05))
    (fp_line (start 5.39 5.73) (end -5.39 5.73) (layer F.CrtYd) (width 0.05))
    (fp_line (start 5.39 -5.87) (end 5.39 5.73) (layer F.CrtYd) (width 0.05))
    (fp_line (start -5.39 -5.87) (end 5.39 -5.87) (layer F.CrtYd) (width 0.05))
    (fp_line (start 4.6 5.23) (end 4.6 -5.22) (layer F.Fab) (width 0.1))
    (fp_line (start -4.6 5.23) (end 4.6 5.23) (layer F.Fab) (width 0.1))
    (fp_line (start 3.25 -5.37) (end 4.75 -5.37) (layer F.SilkS) (width 0.12))
    (fp_line (start 4.75 -5.37) (end 4.75 1.89) (layer F.SilkS) (width 0.12))
    (fp_line (start -4.75 -5.37) (end -4.75 1.89) (layer F.SilkS) (width 0.12))
    (fp_line (start -4.75 -5.37) (end -3.25 -5.37) (layer F.SilkS) (width 0.12))
    (fp_line (start -4.6 -5.22) (end 4.6 -5.22) (layer F.Fab) (width 0.1))
    (fp_line (start -4.6 5.23) (end -4.6 -5.22) (layer F.Fab) (width 0.1))
    (pad S1 thru_hole oval (at -4.13 -3.11 270) (size 0.8 1.4) (drill oval 0.5 1.1) (layers *.Cu *.Mask)
      (net 18 "Net-(J1-PadS1)"))
    (pad A1 smd rect (at -2.75 -5.02 270) (size 0.3 0.7) (layers F.Cu F.Paste F.Mask)
      (net 2 GND))
    (pad A2 smd rect (at -2.25 -5.02 270) (size 0.3 0.7) (layers F.Cu F.Paste F.Mask))
    (pad A3 smd rect (at -1.75 -5.02 270) (size 0.3 0.7) (layers F.Cu F.Paste F.Mask))
    (pad A4 smd rect (at -1.25 -5.02 270) (size 0.3 0.7) (layers F.Cu F.Paste F.Mask)
      (net 13 "Net-(C13-Pad1)"))
    (pad A5 smd rect (at -0.75 -5.02 270) (size 0.3 0.7) (layers F.Cu F.Paste F.Mask)
      (net 19 "Net-(J1-PadA5)"))
    (pad A6 smd rect (at -0.25 -5.02 270) (size 0.3 0.7) (layers F.Cu F.Paste F.Mask)
      (net 82 /USB_P))
    (pad A7 smd rect (at 0.25 -5.02 270) (size 0.3 0.7) (layers F.Cu F.Paste F.Mask)
      (net 83 /USB_N))
    (pad A12 smd rect (at 2.75 -5.02 270) (size 0.3 0.7) (layers F.Cu F.Paste F.Mask)
      (net 2 GND))
    (pad A10 smd rect (at 1.75 -5.02 270) (size 0.3 0.7) (layers F.Cu F.Paste F.Mask))
    (pad A9 smd rect (at 1.25 -5.02 270) (size 0.3 0.7) (layers F.Cu F.Paste F.Mask)
      (net 13 "Net-(C13-Pad1)"))
    (pad A8 smd rect (at 0.75 -5.02 270) (size 0.3 0.7) (layers F.Cu F.Paste F.Mask)
      (net 20 "Net-(J1-PadA8)"))
    (pad A11 smd rect (at 2.25 -5.02 270) (size 0.3 0.7) (layers F.Cu F.Paste F.Mask))
    (pad S1 thru_hole oval (at 4.13 -3.11 270) (size 0.8 1.4) (drill oval 0.5 1.1) (layers *.Cu *.Mask)
      (net 18 "Net-(J1-PadS1)"))
    (pad S1 thru_hole oval (at 4.49 2.84 270) (size 0.8 1.4) (drill oval 0.5 1.1) (layers *.Cu *.Mask)
      (net 18 "Net-(J1-PadS1)"))
    (pad S1 thru_hole oval (at -4.49 2.84 270) (size 0.8 1.4) (drill oval 0.5 1.1) (layers *.Cu *.Mask)
      (net 18 "Net-(J1-PadS1)"))
    (pad "" np_thru_hole oval (at 3.6 -4.36 270) (size 0.95 0.65) (drill oval 0.95 0.65) (layers *.Cu *.Mask))
    (pad "" np_thru_hole circle (at -3.6 -4.36 270) (size 0.65 0.65) (drill 0.65) (layers *.Cu *.Mask))
    (pad B1 thru_hole circle (at 2.8 -3.71 270) (size 0.65 0.65) (drill 0.4) (layers *.Cu *.Mask)
      (net 2 GND))
    (pad B4 thru_hole circle (at 1.2 -3.71 270) (size 0.65 0.65) (drill 0.4) (layers *.Cu *.Mask)
      (net 13 "Net-(C13-Pad1)"))
    (pad B6 thru_hole circle (at 0.4 -3.71 270) (size 0.65 0.65) (drill 0.4) (layers *.Cu *.Mask)
      (net 82 /USB_P))
    (pad B7 thru_hole circle (at -0.4 -3.71 270) (size 0.65 0.65) (drill 0.4) (layers *.Cu *.Mask)
      (net 83 /USB_N))
    (pad B9 thru_hole circle (at -1.2 -3.71 270) (size 0.65 0.65) (drill 0.4) (layers *.Cu *.Mask)
      (net 13 "Net-(C13-Pad1)"))
    (pad B12 thru_hole circle (at -2.8 -3.71 270) (size 0.65 0.65) (drill 0.4) (layers *.Cu *.Mask)
      (net 2 GND))
    (pad B2 thru_hole circle (at 2.4 -3.01 270) (size 0.65 0.65) (drill 0.4) (layers *.Cu *.Mask))
    (pad B3 thru_hole circle (at 1.6 -3.01 270) (size 0.65 0.65) (drill 0.4) (layers *.Cu *.Mask))
    (pad B5 thru_hole circle (at 0.8 -3.01 270) (size 0.65 0.65) (drill 0.4) (layers *.Cu *.Mask)
      (net 21 "Net-(J1-PadB5)"))
    (pad B8 thru_hole circle (at -0.8 -3.01 270) (size 0.65 0.65) (drill 0.4) (layers *.Cu *.Mask)
      (net 22 "Net-(J1-PadB8)"))
    (pad B10 thru_hole circle (at -1.6 -3.01 270) (size 0.65 0.65) (drill 0.4) (layers *.Cu *.Mask))
    (pad B11 thru_hole circle (at -2.4 -3.01 270) (size 0.65 0.65) (drill 0.4) (layers *.Cu *.Mask))
    (model ${KISYS3DMOD}/Connector_USB.3dshapes/USB_C_Receptacle_Amphenol_12401548E4-2A.wrl
      (at (xyz 0 0 0))
      (scale (xyz 1 1 1))
      (rotate (xyz 0 0 0))
    )
  )

  (module Connector_JST:JST_XH_S02B-XH-A-1_1x02_P2.50mm_Horizontal (layer F.Cu) (tedit 5C40D415) (tstamp 5C5AE7E6)
    (at 90.17 114.3 90)
    (descr "JST XH series connector, S02B-XH-A-1 (http://www.jst-mfg.com/product/pdf/eng/eXH.pdf), generated with kicad-footprint-generator")
    (tags "connector JST XH top entry")
    (path /5CF26C81)
    (fp_text reference BT1 (at -1.27 -5.1 90) (layer F.SilkS)
      (effects (font (size 1 1) (thickness 0.15)))
    )
    (fp_text value Battery_Cell (at 1.25 8.8 90) (layer F.Fab) hide
      (effects (font (size 1 1) (thickness 0.15)))
    )
    (fp_line (start -2.95 -4.4) (end -2.95 8.1) (layer F.CrtYd) (width 0.05))
    (fp_line (start -2.95 8.1) (end 5.45 8.1) (layer F.CrtYd) (width 0.05))
    (fp_line (start 5.45 8.1) (end 5.45 -4.4) (layer F.CrtYd) (width 0.05))
    (fp_line (start 5.45 -4.4) (end -2.95 -4.4) (layer F.CrtYd) (width 0.05))
    (fp_line (start 1.25 7.71) (end -2.56 7.71) (layer F.SilkS) (width 0.12))
    (fp_line (start -2.56 7.71) (end -2.56 -4.01) (layer F.SilkS) (width 0.12))
    (fp_line (start -2.56 -4.01) (end -1.14 -4.01) (layer F.SilkS) (width 0.12))
    (fp_line (start -1.14 -4.01) (end -1.14 0.49) (layer F.SilkS) (width 0.12))
    (fp_line (start 1.25 7.71) (end 5.06 7.71) (layer F.SilkS) (width 0.12))
    (fp_line (start 5.06 7.71) (end 5.06 -4.01) (layer F.SilkS) (width 0.12))
    (fp_line (start 5.06 -4.01) (end 3.64 -4.01) (layer F.SilkS) (width 0.12))
    (fp_line (start 3.64 -4.01) (end 3.64 0.49) (layer F.SilkS) (width 0.12))
    (fp_line (start 1.25 7.6) (end -2.45 7.6) (layer F.Fab) (width 0.1))
    (fp_line (start -2.45 7.6) (end -2.45 -3.9) (layer F.Fab) (width 0.1))
    (fp_line (start -2.45 -3.9) (end -1.25 -3.9) (layer F.Fab) (width 0.1))
    (fp_line (start -1.25 -3.9) (end -1.25 0.6) (layer F.Fab) (width 0.1))
    (fp_line (start -1.25 0.6) (end 1.25 0.6) (layer F.Fab) (width 0.1))
    (fp_line (start 1.25 7.6) (end 4.95 7.6) (layer F.Fab) (width 0.1))
    (fp_line (start 4.95 7.6) (end 4.95 -3.9) (layer F.Fab) (width 0.1))
    (fp_line (start 4.95 -3.9) (end 3.75 -3.9) (layer F.Fab) (width 0.1))
    (fp_line (start 3.75 -3.9) (end 3.75 0.6) (layer F.Fab) (width 0.1))
    (fp_line (start 3.75 0.6) (end 1.25 0.6) (layer F.Fab) (width 0.1))
    (fp_line (start -0.25 1.6) (end -0.25 7.1) (layer F.SilkS) (width 0.12))
    (fp_line (start -0.25 7.1) (end 0.25 7.1) (layer F.SilkS) (width 0.12))
    (fp_line (start 0.25 7.1) (end 0.25 1.6) (layer F.SilkS) (width 0.12))
    (fp_line (start 0.25 1.6) (end -0.25 1.6) (layer F.SilkS) (width 0.12))
    (fp_line (start 2.25 1.6) (end 2.25 7.1) (layer F.SilkS) (width 0.12))
    (fp_line (start 2.25 7.1) (end 2.75 7.1) (layer F.SilkS) (width 0.12))
    (fp_line (start 2.75 7.1) (end 2.75 1.6) (layer F.SilkS) (width 0.12))
    (fp_line (start 2.75 1.6) (end 2.25 1.6) (layer F.SilkS) (width 0.12))
    (fp_line (start 0 -1.5) (end -0.3 -2.1) (layer F.SilkS) (width 0.12))
    (fp_line (start -0.3 -2.1) (end 0.3 -2.1) (layer F.SilkS) (width 0.12))
    (fp_line (start 0.3 -2.1) (end 0 -1.5) (layer F.SilkS) (width 0.12))
    (fp_line (start -0.625 0.6) (end 0 -0.4) (layer F.Fab) (width 0.1))
    (fp_line (start 0 -0.4) (end 0.625 0.6) (layer F.Fab) (width 0.1))
    (fp_text user %R (at 1.25 1.85 90) (layer F.Fab) hide
      (effects (font (size 1 1) (thickness 0.15)))
    )
    (pad 1 thru_hole roundrect (at 0 0 90) (size 1.7 2) (drill 1) (layers *.Cu *.Mask) (roundrect_rratio 0.147059)
      (net 1 "Net-(BT1-Pad1)"))
    (pad 2 thru_hole oval (at 2.5 0 90) (size 1.7 2) (drill 1) (layers *.Cu *.Mask)
      (net 2 GND))
    (model ${KISYS3DMOD}/Connector_JST.3dshapes/JST_XH_S02B-XH-A-1_1x02_P2.50mm_Horizontal.wrl
      (at (xyz 0 0 0))
      (scale (xyz 1 1 1))
      (rotate (xyz 0 0 0))
    )
  )

  (module Capacitor_SMD:C_0805_2012Metric (layer B.Cu) (tedit 5C40E544) (tstamp 5C4D2426)
    (at 38.735 20.955)
    (descr "Capacitor SMD 0805 (2012 Metric), square (rectangular) end terminal, IPC_7351 nominal, (Body size source: https://docs.google.com/spreadsheets/d/1BsfQQcO9C6DZCsRaXUlFlo91Tg2WpOkGARC1WS5S8t0/edit?usp=sharing), generated with kicad-footprint-generator")
    (tags capacitor)
    (path /5C3F863C)
    (attr smd)
    (fp_text reference C1 (at 2.54 0) (layer B.SilkS)
      (effects (font (size 1 1) (thickness 0.15)) (justify mirror))
    )
    (fp_text value 1uF (at 0 -1.65) (layer B.Fab) hide
      (effects (font (size 1 1) (thickness 0.15)) (justify mirror))
    )
    (fp_text user %R (at 0 0) (layer B.Fab)
      (effects (font (size 0.5 0.5) (thickness 0.08)) (justify mirror))
    )
    (fp_line (start 1.68 -0.95) (end -1.68 -0.95) (layer B.CrtYd) (width 0.05))
    (fp_line (start 1.68 0.95) (end 1.68 -0.95) (layer B.CrtYd) (width 0.05))
    (fp_line (start -1.68 0.95) (end 1.68 0.95) (layer B.CrtYd) (width 0.05))
    (fp_line (start -1.68 -0.95) (end -1.68 0.95) (layer B.CrtYd) (width 0.05))
    (fp_line (start -0.258578 -0.71) (end 0.258578 -0.71) (layer B.SilkS) (width 0.12))
    (fp_line (start -0.258578 0.71) (end 0.258578 0.71) (layer B.SilkS) (width 0.12))
    (fp_line (start 1 -0.6) (end -1 -0.6) (layer B.Fab) (width 0.1))
    (fp_line (start 1 0.6) (end 1 -0.6) (layer B.Fab) (width 0.1))
    (fp_line (start -1 0.6) (end 1 0.6) (layer B.Fab) (width 0.1))
    (fp_line (start -1 -0.6) (end -1 0.6) (layer B.Fab) (width 0.1))
    (pad 2 smd roundrect (at 0.9375 0) (size 0.975 1.4) (layers B.Cu B.Paste B.Mask) (roundrect_rratio 0.25)
      (net 2 GND))
    (pad 1 smd roundrect (at -0.9375 0) (size 0.975 1.4) (layers B.Cu B.Paste B.Mask) (roundrect_rratio 0.25)
      (net 3 "Net-(C1-Pad1)"))
    (model ${KISYS3DMOD}/Capacitor_SMD.3dshapes/C_0805_2012Metric.wrl
      (at (xyz 0 0 0))
      (scale (xyz 1 1 1))
      (rotate (xyz 0 0 0))
    )
  )

  (module Capacitor_SMD:C_0805_2012Metric (layer B.Cu) (tedit 5C40E53C) (tstamp 5C4CFFC5)
    (at 38.735 26.035)
    (descr "Capacitor SMD 0805 (2012 Metric), square (rectangular) end terminal, IPC_7351 nominal, (Body size source: https://docs.google.com/spreadsheets/d/1BsfQQcO9C6DZCsRaXUlFlo91Tg2WpOkGARC1WS5S8t0/edit?usp=sharing), generated with kicad-footprint-generator")
    (tags capacitor)
    (path /5C3F8D26)
    (attr smd)
    (fp_text reference C2 (at 2.54 0) (layer B.SilkS)
      (effects (font (size 1 1) (thickness 0.15)) (justify mirror))
    )
    (fp_text value 1uF (at 0 -1.65) (layer B.Fab) hide
      (effects (font (size 1 1) (thickness 0.15)) (justify mirror))
    )
    (fp_line (start -1 -0.6) (end -1 0.6) (layer B.Fab) (width 0.1))
    (fp_line (start -1 0.6) (end 1 0.6) (layer B.Fab) (width 0.1))
    (fp_line (start 1 0.6) (end 1 -0.6) (layer B.Fab) (width 0.1))
    (fp_line (start 1 -0.6) (end -1 -0.6) (layer B.Fab) (width 0.1))
    (fp_line (start -0.258578 0.71) (end 0.258578 0.71) (layer B.SilkS) (width 0.12))
    (fp_line (start -0.258578 -0.71) (end 0.258578 -0.71) (layer B.SilkS) (width 0.12))
    (fp_line (start -1.68 -0.95) (end -1.68 0.95) (layer B.CrtYd) (width 0.05))
    (fp_line (start -1.68 0.95) (end 1.68 0.95) (layer B.CrtYd) (width 0.05))
    (fp_line (start 1.68 0.95) (end 1.68 -0.95) (layer B.CrtYd) (width 0.05))
    (fp_line (start 1.68 -0.95) (end -1.68 -0.95) (layer B.CrtYd) (width 0.05))
    (fp_text user %R (at 0 0) (layer B.Fab)
      (effects (font (size 0.5 0.5) (thickness 0.08)) (justify mirror))
    )
    (pad 1 smd roundrect (at -0.9375 0) (size 0.975 1.4) (layers B.Cu B.Paste B.Mask) (roundrect_rratio 0.25)
      (net 4 "Net-(C2-Pad1)"))
    (pad 2 smd roundrect (at 0.9375 0) (size 0.975 1.4) (layers B.Cu B.Paste B.Mask) (roundrect_rratio 0.25)
      (net 2 GND))
    (model ${KISYS3DMOD}/Capacitor_SMD.3dshapes/C_0805_2012Metric.wrl
      (at (xyz 0 0 0))
      (scale (xyz 1 1 1))
      (rotate (xyz 0 0 0))
    )
  )

  (module Capacitor_SMD:C_0805_2012Metric (layer B.Cu) (tedit 5C40E536) (tstamp 5C4D248A)
    (at 38.735 31.115)
    (descr "Capacitor SMD 0805 (2012 Metric), square (rectangular) end terminal, IPC_7351 nominal, (Body size source: https://docs.google.com/spreadsheets/d/1BsfQQcO9C6DZCsRaXUlFlo91Tg2WpOkGARC1WS5S8t0/edit?usp=sharing), generated with kicad-footprint-generator")
    (tags capacitor)
    (path /5C3F9211)
    (attr smd)
    (fp_text reference C3 (at 2.54 0) (layer B.SilkS)
      (effects (font (size 1 1) (thickness 0.15)) (justify mirror))
    )
    (fp_text value 1uF (at 0 -1.65) (layer B.Fab) hide
      (effects (font (size 1 1) (thickness 0.15)) (justify mirror))
    )
    (fp_line (start -1 -0.6) (end -1 0.6) (layer B.Fab) (width 0.1))
    (fp_line (start -1 0.6) (end 1 0.6) (layer B.Fab) (width 0.1))
    (fp_line (start 1 0.6) (end 1 -0.6) (layer B.Fab) (width 0.1))
    (fp_line (start 1 -0.6) (end -1 -0.6) (layer B.Fab) (width 0.1))
    (fp_line (start -0.258578 0.71) (end 0.258578 0.71) (layer B.SilkS) (width 0.12))
    (fp_line (start -0.258578 -0.71) (end 0.258578 -0.71) (layer B.SilkS) (width 0.12))
    (fp_line (start -1.68 -0.95) (end -1.68 0.95) (layer B.CrtYd) (width 0.05))
    (fp_line (start -1.68 0.95) (end 1.68 0.95) (layer B.CrtYd) (width 0.05))
    (fp_line (start 1.68 0.95) (end 1.68 -0.95) (layer B.CrtYd) (width 0.05))
    (fp_line (start 1.68 -0.95) (end -1.68 -0.95) (layer B.CrtYd) (width 0.05))
    (fp_text user %R (at 0 0) (layer B.Fab)
      (effects (font (size 0.5 0.5) (thickness 0.08)) (justify mirror))
    )
    (pad 1 smd roundrect (at -0.9375 0) (size 0.975 1.4) (layers B.Cu B.Paste B.Mask) (roundrect_rratio 0.25)
      (net 5 "Net-(C3-Pad1)"))
    (pad 2 smd roundrect (at 0.9375 0) (size 0.975 1.4) (layers B.Cu B.Paste B.Mask) (roundrect_rratio 0.25)
      (net 2 GND))
    (model ${KISYS3DMOD}/Capacitor_SMD.3dshapes/C_0805_2012Metric.wrl
      (at (xyz 0 0 0))
      (scale (xyz 1 1 1))
      (rotate (xyz 0 0 0))
    )
  )

  (module Capacitor_SMD:C_0805_2012Metric (layer B.Cu) (tedit 5C40E534) (tstamp 5C4CFFE7)
    (at 38.735 33.655)
    (descr "Capacitor SMD 0805 (2012 Metric), square (rectangular) end terminal, IPC_7351 nominal, (Body size source: https://docs.google.com/spreadsheets/d/1BsfQQcO9C6DZCsRaXUlFlo91Tg2WpOkGARC1WS5S8t0/edit?usp=sharing), generated with kicad-footprint-generator")
    (tags capacitor)
    (path /5C3F987F)
    (attr smd)
    (fp_text reference C4 (at 2.54 0) (layer B.SilkS)
      (effects (font (size 1 1) (thickness 0.15)) (justify mirror))
    )
    (fp_text value 1uF (at 0 -1.65) (layer B.Fab) hide
      (effects (font (size 1 1) (thickness 0.15)) (justify mirror))
    )
    (fp_text user %R (at 0 0) (layer B.Fab)
      (effects (font (size 0.5 0.5) (thickness 0.08)) (justify mirror))
    )
    (fp_line (start 1.68 -0.95) (end -1.68 -0.95) (layer B.CrtYd) (width 0.05))
    (fp_line (start 1.68 0.95) (end 1.68 -0.95) (layer B.CrtYd) (width 0.05))
    (fp_line (start -1.68 0.95) (end 1.68 0.95) (layer B.CrtYd) (width 0.05))
    (fp_line (start -1.68 -0.95) (end -1.68 0.95) (layer B.CrtYd) (width 0.05))
    (fp_line (start -0.258578 -0.71) (end 0.258578 -0.71) (layer B.SilkS) (width 0.12))
    (fp_line (start -0.258578 0.71) (end 0.258578 0.71) (layer B.SilkS) (width 0.12))
    (fp_line (start 1 -0.6) (end -1 -0.6) (layer B.Fab) (width 0.1))
    (fp_line (start 1 0.6) (end 1 -0.6) (layer B.Fab) (width 0.1))
    (fp_line (start -1 0.6) (end 1 0.6) (layer B.Fab) (width 0.1))
    (fp_line (start -1 -0.6) (end -1 0.6) (layer B.Fab) (width 0.1))
    (pad 2 smd roundrect (at 0.9375 0) (size 0.975 1.4) (layers B.Cu B.Paste B.Mask) (roundrect_rratio 0.25)
      (net 2 GND))
    (pad 1 smd roundrect (at -0.9375 0) (size 0.975 1.4) (layers B.Cu B.Paste B.Mask) (roundrect_rratio 0.25)
      (net 6 "Net-(C4-Pad1)"))
    (model ${KISYS3DMOD}/Capacitor_SMD.3dshapes/C_0805_2012Metric.wrl
      (at (xyz 0 0 0))
      (scale (xyz 1 1 1))
      (rotate (xyz 0 0 0))
    )
  )

  (module Capacitor_SMD:C_0805_2012Metric (layer B.Cu) (tedit 5C40E52E) (tstamp 5C4CFFF8)
    (at 38.735 41.275)
    (descr "Capacitor SMD 0805 (2012 Metric), square (rectangular) end terminal, IPC_7351 nominal, (Body size source: https://docs.google.com/spreadsheets/d/1BsfQQcO9C6DZCsRaXUlFlo91Tg2WpOkGARC1WS5S8t0/edit?usp=sharing), generated with kicad-footprint-generator")
    (tags capacitor)
    (path /5C3FA716)
    (attr smd)
    (fp_text reference C6 (at 2.54 0) (layer B.SilkS)
      (effects (font (size 1 1) (thickness 0.15)) (justify mirror))
    )
    (fp_text value 1uF (at -0.015001 -1.349999) (layer B.Fab) hide
      (effects (font (size 1 1) (thickness 0.15)) (justify mirror))
    )
    (fp_line (start -1 -0.6) (end -1 0.6) (layer B.Fab) (width 0.1))
    (fp_line (start -1 0.6) (end 1 0.6) (layer B.Fab) (width 0.1))
    (fp_line (start 1 0.6) (end 1 -0.6) (layer B.Fab) (width 0.1))
    (fp_line (start 1 -0.6) (end -1 -0.6) (layer B.Fab) (width 0.1))
    (fp_line (start -0.258578 0.71) (end 0.258578 0.71) (layer B.SilkS) (width 0.12))
    (fp_line (start -0.258578 -0.71) (end 0.258578 -0.71) (layer B.SilkS) (width 0.12))
    (fp_line (start -1.68 -0.95) (end -1.68 0.95) (layer B.CrtYd) (width 0.05))
    (fp_line (start -1.68 0.95) (end 1.68 0.95) (layer B.CrtYd) (width 0.05))
    (fp_line (start 1.68 0.95) (end 1.68 -0.95) (layer B.CrtYd) (width 0.05))
    (fp_line (start 1.68 -0.95) (end -1.68 -0.95) (layer B.CrtYd) (width 0.05))
    (fp_text user %R (at 0 0) (layer B.Fab)
      (effects (font (size 0.5 0.5) (thickness 0.08)) (justify mirror))
    )
    (pad 1 smd roundrect (at -0.9375 0) (size 0.975 1.4) (layers B.Cu B.Paste B.Mask) (roundrect_rratio 0.25)
      (net 7 "Net-(C6-Pad1)"))
    (pad 2 smd roundrect (at 0.9375 0) (size 0.975 1.4) (layers B.Cu B.Paste B.Mask) (roundrect_rratio 0.25)
      (net 2 GND))
    (model ${KISYS3DMOD}/Capacitor_SMD.3dshapes/C_0805_2012Metric.wrl
      (at (xyz 0 0 0))
      (scale (xyz 1 1 1))
      (rotate (xyz 0 0 0))
    )
  )

  (module Capacitor_SMD:C_0805_2012Metric (layer B.Cu) (tedit 5C40E52C) (tstamp 5C4D0009)
    (at 38.735 38.735)
    (descr "Capacitor SMD 0805 (2012 Metric), square (rectangular) end terminal, IPC_7351 nominal, (Body size source: https://docs.google.com/spreadsheets/d/1BsfQQcO9C6DZCsRaXUlFlo91Tg2WpOkGARC1WS5S8t0/edit?usp=sharing), generated with kicad-footprint-generator")
    (tags capacitor)
    (path /5C3FAEE4)
    (attr smd)
    (fp_text reference C7 (at 2.54 0) (layer B.SilkS)
      (effects (font (size 1 1) (thickness 0.15)) (justify mirror))
    )
    (fp_text value 1uF (at 0 -1.65) (layer B.Fab) hide
      (effects (font (size 1 1) (thickness 0.15)) (justify mirror))
    )
    (fp_text user %R (at 0 0) (layer B.Fab)
      (effects (font (size 0.5 0.5) (thickness 0.08)) (justify mirror))
    )
    (fp_line (start 1.68 -0.95) (end -1.68 -0.95) (layer B.CrtYd) (width 0.05))
    (fp_line (start 1.68 0.95) (end 1.68 -0.95) (layer B.CrtYd) (width 0.05))
    (fp_line (start -1.68 0.95) (end 1.68 0.95) (layer B.CrtYd) (width 0.05))
    (fp_line (start -1.68 -0.95) (end -1.68 0.95) (layer B.CrtYd) (width 0.05))
    (fp_line (start -0.258578 -0.71) (end 0.258578 -0.71) (layer B.SilkS) (width 0.12))
    (fp_line (start -0.258578 0.71) (end 0.258578 0.71) (layer B.SilkS) (width 0.12))
    (fp_line (start 1 -0.6) (end -1 -0.6) (layer B.Fab) (width 0.1))
    (fp_line (start 1 0.6) (end 1 -0.6) (layer B.Fab) (width 0.1))
    (fp_line (start -1 0.6) (end 1 0.6) (layer B.Fab) (width 0.1))
    (fp_line (start -1 -0.6) (end -1 0.6) (layer B.Fab) (width 0.1))
    (pad 2 smd roundrect (at 0.9375 0) (size 0.975 1.4) (layers B.Cu B.Paste B.Mask) (roundrect_rratio 0.25)
      (net 2 GND))
    (pad 1 smd roundrect (at -0.9375 0) (size 0.975 1.4) (layers B.Cu B.Paste B.Mask) (roundrect_rratio 0.25)
      (net 8 "Net-(C7-Pad1)"))
    (model ${KISYS3DMOD}/Capacitor_SMD.3dshapes/C_0805_2012Metric.wrl
      (at (xyz 0 0 0))
      (scale (xyz 1 1 1))
      (rotate (xyz 0 0 0))
    )
  )

  (module Capacitor_SMD:C_0805_2012Metric (layer B.Cu) (tedit 5C40E538) (tstamp 5C4D001A)
    (at 38.735 28.575)
    (descr "Capacitor SMD 0805 (2012 Metric), square (rectangular) end terminal, IPC_7351 nominal, (Body size source: https://docs.google.com/spreadsheets/d/1BsfQQcO9C6DZCsRaXUlFlo91Tg2WpOkGARC1WS5S8t0/edit?usp=sharing), generated with kicad-footprint-generator")
    (tags capacitor)
    (path /5C41A972)
    (attr smd)
    (fp_text reference C8 (at 2.54 0) (layer B.SilkS)
      (effects (font (size 1 1) (thickness 0.15)) (justify mirror))
    )
    (fp_text value 1uF (at 0 -1.65) (layer B.Fab) hide
      (effects (font (size 1 1) (thickness 0.15)) (justify mirror))
    )
    (fp_line (start -1 -0.6) (end -1 0.6) (layer B.Fab) (width 0.1))
    (fp_line (start -1 0.6) (end 1 0.6) (layer B.Fab) (width 0.1))
    (fp_line (start 1 0.6) (end 1 -0.6) (layer B.Fab) (width 0.1))
    (fp_line (start 1 -0.6) (end -1 -0.6) (layer B.Fab) (width 0.1))
    (fp_line (start -0.258578 0.71) (end 0.258578 0.71) (layer B.SilkS) (width 0.12))
    (fp_line (start -0.258578 -0.71) (end 0.258578 -0.71) (layer B.SilkS) (width 0.12))
    (fp_line (start -1.68 -0.95) (end -1.68 0.95) (layer B.CrtYd) (width 0.05))
    (fp_line (start -1.68 0.95) (end 1.68 0.95) (layer B.CrtYd) (width 0.05))
    (fp_line (start 1.68 0.95) (end 1.68 -0.95) (layer B.CrtYd) (width 0.05))
    (fp_line (start 1.68 -0.95) (end -1.68 -0.95) (layer B.CrtYd) (width 0.05))
    (fp_text user %R (at 0 0) (layer B.Fab)
      (effects (font (size 0.5 0.5) (thickness 0.08)) (justify mirror))
    )
